6 0.4608689183157268 0.581237911025145 0.29335912314635715 0.3423597678916828
12 0.5849823934930317 0.28529980657640225 0.3055100927441351 0.4197292069632494
12 0.11630213757873334 0.5715667311411992 0.1735852799682587 0.2340425531914893
7 0.07724544958587512 0.8065764023210832 0.1440757823736547 0.2437137330754352
7 0.6787184446758914 0.8152804642166345 0.2152457471606408 0.25725338491295946
17 0.8219263006497048 0.9284332688588008 0.16143431037048062 0.10444874274661502
17 0.22132123195952985 0.36847195357833656 0.17532113276794128 0.14506769825918764
15 0.24735902395476866 0.23597678916827852 0.16490601596984583 0.1702127659574468
0 0.38622724792937563 0.31721470019342357 0.1197738431780985 0.15087040618955513
0 0.36018945593413676 0.15860735009671179 0.14754748797301992 0.18955512572533847
0 0.19615136636413233 0.7234042553191489 0.11456628477905072 0.12379110251450683
0 0.9400386847195358 0.6663442940038685 0.11992263056092839 0.10638297872340424
0 0.8306055646481179 0.47485493230174086 0.0781133759857164 0.16441005802707928
0 0.6821901502752565 0.6063829787234043 0.14928334077270244 0.218568665377176
