8 0.1654310959982195 0.27562862669245647 0.2762538690455704 0.3771760154738878
18 0.16703722314383326 0.7311411992263054 0.3340744462876665 0.425531914893617
7 0.4946871608490446 0.7949709864603477 0.2762538690455704 0.27079303675048333
17 0.8817638029419661 0.08317214700193418 0.1188534087754197 0.1315280464216634
0 0.8648994679130213 0.1914893617021277 0.16221884170699183 0.0735009671179884
0 0.7364092962639188 0.046421663442940034 0.06906346726139248 0.0851063829787234
0 0.7380154234095326 0.1276595744680851 0.17185560458067456 0.21663442940038685
0 0.7998513185156633 0.26015473887814317 0.11885340877541976 0.10638297872340427
13 0.8367922428647795 0.7117988394584135 0.22164554609470227 0.45647969052224324
14 0.5187790680332514 0.3597678916827853 0.41759305785958295 0.7040618955512572
