11 0.3446130775822292 0.18509615384615383 0.47582558829345456 0.3573717948717948
19 0.2307033155362204 0.5232371794871795 0.30568189308549204 0.4567307692307692
0 0.5450365829543208 0.6266025641025641 0.31721705886230306 0.06089743589743591
0 0.49168644123656974 0.40384615384615385 0.17591127809636808 0.07051282051282044
0 0.45996477990619006 0.49839760613225587 0.141305780765935 0.07692307692307693
0 0.6805747808318502 0.5016025641025641 0.1960978182057874 0.20512820512820512
12 0.7930426471557576 0.26121823244264847 0.39796321929998013 0.26282051282051283
17 0.7555531801577198 0.06971162357894839 0.36912530485795264 0.12980769230769232
13 0.1874623482672543 0.8846153846153847 0.2941785360968315 0.23076923076923067
1 0.7382508324951579 0.7916666666666667 0.46717421396084624 0.3974358974358975
