20 0.6759568606763965 0.5725338491295937 0.2974620479456069 0.32108317214700194
1 0.4574761151163472 0.8945841392649904 0.17232284156848948 0.1992263056092844
0 0.8800773694390717 0.9081237911025147 0.19694039036398792 0.06382978723404265
0 0.7508352382627044 0.8849129593810445 0.049235097590997014 0.04835589941972913
0 0.8934118750366332 0.7514506769825919 0.10872750718011857 0.21856866537717606
15 0.1948889279643632 0.4941972920696325 0.2707930367504836 0.27272727272727265
6 0.6872399038743332 0.2823984526112186 0.3979837055272258 0.26305609284332687
0 0.22873805755817359 0.13249516441005801 0.05538948478987162 0.0483558994197292
0 0.2707930367504836 0.17891682785299806 0.07385264638649555 0.0715667311411992
2 0.4297813727214114 0.39458413926499025 0.3220795967411054 0.7311411992263055
