19 0.15183752417794966 0.4700193423597679 0.24951644100580264 0.6112185686653772
15 0.8307543520309478 0.4429400386847193 0.23791102514506746 0.2940038684719536
16 0.789168278529981 0.14603481624758224 0.3597678916827849 0.25725338491295946
0 0.4777562862669245 0.9061895551257254 0.3288201160541586 0.15667311411992257
0 0.4825918762088975 0.7553191489361701 0.31528046421663447 0.10638297872340416
0 1.0203094777562862 0.2717601547388781 0.013539651837524218 0.021276595744680833
0 0.1353965183752418 0.08317214700193425 0.21663442940038685 0.15473887814313347
0 0.4323017408123792 0.15473887814313347 0.27659574468085113 0.30174081237911027
13 0.41005802707930367 0.5009671179883947 0.2398452611218568 0.30947775628626695
0 0.8268858800773694 0.6566731141199227 0.16441005802707934 0.11025145067698261
