13 0.5933647895542069 0.3800773694390716 0.2926623081270072 0.26885880077369445
0 0.8217057112796741 0.33945841392649906 0.21547664444515915 0.10251450676982589
0 0.8746720757889708 0.5 0.2506558484220585 0.16441005802707928
0 0.8426101618601746 0.2330754352030948 0.2508534069660061 0.08704061895551259
17 0.6560781412957084 0.08897485493230174 0.4180890116100102 0.17794970986460348
8 0.2203007484252746 0.16150870406189555 0.4406014968505492 0.3230174081237911
3 0.22834092172546716 0.665377176015474 0.4180890116100102 0.6692456479690523
7 0.702711146436825 0.9168278529980658 0.4856264673316273 0.15860735009671173
0 0.7831128794387499 0.7911025145067698 0.18974808988454314 0.18181818181818188
0 0.8217057112796741 0.6721470019342359 0.3376872786080851 0.11025145067698268
