10 0.49833440790887606 0.534816247582205 0.263271007951859 0.9264990328820116
0 0.2926539329464861 0.7920696324951644 0.13868740597464005 0.11411992263056092
0 0.7028395658714808 0.4264990328820116 0.051713947990543685 0.06382978723404258
0 0.7416250268643887 0.4912959381044487 0.054064581990113963 0.05802707930367497
0 0.856806092843327 0.5415860735009672 0.16219374597034175 0.18181818181818188
13 0.8086180958521385 0.8201160541586073 0.30558241994412216 0.1315280464216633
2 0.20685579196217493 0.41489361702127636 0.37610143993122713 0.6441005802707926
15 0.2115570599613153 0.8210831721470018 0.2820760799484204 0.16054158607350089
6 0.7286965398667526 0.27079303675048355 0.27267354395013976 0.37137330754352027
17 0.5241913819041478 0.06673114119922631 0.16454437996991178 0.09090909090909091
